806
818
361
910
666
242
209
499
652
462
819
431
506
284
777
129
912
874
964
523
91
429
91
516
49
785
200
658
505
677
519
495
598
898
679
137
852
187
158
201
462
591
831
15
187
302
857
516
120
363
270
592
827
151
232
265
758
411
48
775
135
35
837
12
677
163
722
344
254
587
766
699
546
736
754
635
883
159
342
552
879
478
579
802
680
260
939
77
544
232
34
879
437
181
942
806
164
800
447
433
912
703
99
955
351
601
118
738
46
558
598
583
835
405
837
849
301
638
541
418
292
992
920
440
157
600
946
919
824
620
248
16
432
864
894
767
709
389
176
49
636
61
585
424
339
777
910
332
187
129
492
358
924
96
942
248
606
421
11
793
132
344
922
393
739
415
338
661
91
93
150
642
950
892
313
953
662
111
463
399
632
462
759
189
384
649
681
644
566
964
490
407
46
388
817
317
165
529
863
35
825
155
556
520
648
291
195
144
384
385
913
536
480
773
926
133
110
185
859
883
549
769
337
208
571
943
162
894
840
163
526
78
698
819
723
866
686
920
804
75
457
312
681
468
782
945
209
330
824
588
73
138
429
526
135
527
665
331
282
681
659
771
793
54
166
124
916
373
782
584
32
904
611
337
298
22
329
669
84
415
500
187
805
142
686
343
759
888
15
24
781
798
64
969
14
29
895
257
46
735
62
698
629
35
202
934
891
911
559
481
10
471
382
46
483
699
379
853
802
236
519
530
568
768
751
746
143
620
746
348
665
102
414
900
763
338
646
736
512
9
161
748
207
380
149
852
979
521
332
217
380
752
878
429
418
282
132
629
503
111
772
846
686
734
24
987
376
121
42
324
741
819
224
643
96
44
973
152
614
290
371
554
229
330
687
785
567
430
463
20
845
917
765
300
552
479
671
21
888
241
443
897
853
843
675
730
566
583
731
163
854
869
395
697
253
116
389
815
913
548
11
798
242
855
17
683
898
310
696
298
249
775
756
114
244
373
198
402
429
307
999
948
345
98
751
753
472
259
917
522
808
637
463
744
916
495
384
823
651
994
211
810
158
567
754
649
254
176
110
23
24
838
874
110
104
145
426
630
732
894
864
764
41
151
867
121
843
979
762
806
115
303
620
874
424
55
23
55
323
631
261
329
548
576
853
464
775
592
755
767
971
318
220
910
163
96
700
139
175
221
837
62
700
583
813
732
464
405
959
130
417
159
531
837
217
657
524
992
261
12
662
586
595
660
546
130
505
935
316
316
417
381
404
482
841
108
634
23
650
20
706
787
391
465
343
228
652
490
548
448
6
119
395
514
390
752
13
712
840
39
670
476
152
807
384
835
180
433
93
27
818
202
945
72
643
255
602
180
242
728
747
944
660
307
669
656
524
19
111
41
870
773
810
99
769
516
974
283
942
556
245
958
713
214
617
919
698
382
621
412
195
581
838
910
62
853
313
682
686
834
665
723
16
298
863
211
474
700
705
92
454
186
240
465
707
97
481
795
451
615
957
659
12
876
821
141
229
220
799
486
109
980
362
684
194
904
268
352
83
513
866
424
208
721
337
674
449
324
63
672
376
832
686
839
10
770
658
963
457
762
899
766
733
393
534
951
674
14
120
778
718
353
631
54
831
109
477
213
925
451
507
506
649
191
570
923
853
835
516
701
313
191
619
119
720
990
847
377
232
887
289
922
35
397
543
341
796
321
192
652
418
473
707
258
143
243
766
588
210
892
984
198
766
37
817
247
184
727
130
288
806
225
877
689
915
133
773
136
598
785
84
720
963
656
170
737
309
212
753
241
366
615
376
745
385
897
310
185
589
580
207
462
243
169
292
370
737
526
118
626
469
677
128
661
958
917
594
917
584
336
32
241
634
174
668
780
671
809
248
528
828
832
286
312
335
801
742
970
622
92
55
631
357
562
48
496
911
268
546
680
339
59
292
89
360
762
332
746
503
101
395
863
88
495
856
720
730
526
743
304
223
947
887
475
236
817
285
340
168
610
880
432
352
190
784
656
523
363
641
275
83
654
262
625
357
438
661
540
161
476
239
503
266
866
176
992
785
383
407
683
481
392
742
557
826
480
539
879
496
238
91
250
277
537
907
466
435
255
442
726
912
763
230
70
247
326
635
57
618
897
214
725
327
482
610
641
540
523
449
94
331
95
669
714
502
770
428
373
833
715
666
386
957
350
413
148
876
261
294
71
684
801
66
228
482
293
116
482
594
807
1
223
528
382
201
274
472
897
761
302
337
129
880
325
472
513
500
571
435
9
